.Random.seed <-
c(403L, 10L, -1286609881L, 898268238L, 638042280L, 439578283L, 
1308724169L, -170252328L, -1382830458L, 1733212001L, 1844505331L, 
1513502050L, -1454717996L, 1404298967L, 1168248013L, 2136067172L, 
1916961354L, -1080850507L, -1337369841L, -1709774826L, 1100214976L, 
-1475738493L, -1097961311L, 1590392464L, 1613997422L, 501256985L, 
-856418389L, 730871194L, 164385116L, 1937614943L, 1573120053L, 
1022356428L, 1747476258L, 1991475581L, -1321325961L, 2046866334L, 
-477920680L, -571987013L, 1413963097L, -1637148952L, -2007603434L, 
1762666641L, -1029085885L, 300163154L, 1352762084L, -1786604249L, 
-101520003L, -1117232012L, -1648972198L, -1058139L, 584245439L, 
-1092672698L, -365628976L, 124900339L, 1789782801L, -1878107328L, 
1506534174L, -277812247L, -598564581L, 1527372586L, -995861428L, 
343413775L, -1048453307L, 704297212L, -2090449070L, 1367705805L, 
1634261127L, -1969829010L, -1310450360L, 662735179L, -2100765527L, 
1550220792L, 1196238118L, -565553599L, -1164517421L, 689075586L, 
646551988L, -967547593L, -2144423891L, -1754170044L, 515635818L, 
1792120021L, -952032657L, 837912438L, -2106136416L, -638271133L, 
-1470983679L, -1907482256L, -971505394L, 1524233081L, -1648182517L, 
-780737478L, -458620100L, -1683023745L, 37354453L, -87648788L, 
472995650L, -203548515L, 1806934295L, 1061927038L, 997494840L, 
-2102065381L, -1995438983L, -1976005432L, 293887222L, 569482545L, 
420904291L, 1405804338L, -1455449980L, -2066168633L, 1091217309L, 
-1502743788L, -1848122950L, 1190262789L, 773688799L, -284770202L, 
-808062992L, -1903867629L, 1684076209L, 1604993376L, 304510718L, 
-2095852919L, -1749586501L, -1353861238L, 2134720108L, -1385996305L, 
-988252123L, 1281530076L, -1003667790L, 1882599853L, -585304729L, 
-1181072754L, 1452477288L, -858033301L, 548719881L, 1396245400L, 
1930465990L, 275028001L, -645321549L, -1456656862L, -1174491116L, 
693630103L, 1511431821L, 1700843428L, -1906306678L, 1794395637L, 
-463757233L, -1229990058L, 883740160L, 1028816707L, -555313439L, 
1482830928L, 116440238L, -1361295271L, 753330283L, 1960734170L, 
540563100L, 1676421279L, 1673208565L, 1100734348L, -292155806L, 
-242011587L, 1227553975L, -1744862370L, -606886248L, -1773287941L, 
-442280039L, 1716379688L, 1752869078L, 1179561297L, 92830723L, 
573662098L, 1191563556L, 979617767L, -889373635L, 464480948L, 
677660954L, 382913125L, 1836695295L, -298237050L, 1102791952L, 
1526406579L, -376439215L, 1266318848L, 2033638110L, -2026899159L, 
297419995L, -62372886L, 94827404L, 653980879L, 756636805L, 382523196L, 
-2104637934L, 732185869L, 1890987591L, -1041779666L, 2049816968L, 
-190709621L, 1261722217L, 1681155640L, 308436710L, 137820801L, 
2030233107L, -497929790L, 1620572788L, 299474039L, -300423827L, 
879000068L, -116582102L, 769912469L, 9454895L, 838434870L, 1108571232L, 
564198051L, -1663414847L, -1115051600L, -680789810L, -1816558023L, 
-1274865589L, -38991366L, -1951021828L, 1787128127L, 1761863189L, 
-1460079316L, 1493841410L, -1837642531L, -1973340201L, -822148418L, 
1798853880L, -1704847214L, -1595981472L, 1393995084L, -866759200L, 
1892922274L, 525142952L, -471380852L, -1688501316L, 1370078322L, 
-263104528L, -1714678716L, -959989672L, 1138188346L, -1445023632L, 
330454588L, 1535186708L, -765875518L, 381178592L, 1328565372L, 
2039086288L, -1941255262L, -406311384L, 210663692L, -797681732L, 
-346429134L, -398253888L, 1193050676L, -517436728L, 828881594L, 
-1884224368L, 28309228L, -1599381932L, -1527675246L, -1930291424L, 
-1859172404L, 454435040L, 265895618L, 186385448L, -1747350612L, 
-233268548L, -541963790L, -1806412240L, 946718628L, 1558024632L, 
-950930598L, 724497552L, -2066154628L, 708081428L, 942230850L, 
915062528L, -447810628L, -951709872L, 912611618L, 653304392L, 
706441228L, 519566428L, -1439645230L, -293872128L, -1949109932L, 
-660967192L, -1886744326L, -1859615024L, -2024009428L, -1491824396L, 
904834450L, 1798089056L, -10688500L, -1654856992L, -1631192478L, 
-1926917464L, 1351117388L, 439361404L, -1623997134L, -764529040L, 
1571033924L, 1630185432L, -1158097030L, 1715398192L, 391829436L, 
-173885868L, -830431166L, -1924681568L, -1358825796L, 335215056L, 
-238562462L, 1165816552L, -183787316L, -2074074628L, -794402318L, 
1000647296L, -2029756940L, 1318954632L, 157556538L, 544297808L, 
864619628L, 1151791508L, 367916114L, -144653856L, 1867869388L, 
230573216L, -822442622L, 309258472L, 1866815212L, -523549380L, 
1100307570L, -536725392L, -248958940L, 75848760L, 1162997530L, 
1462480080L, -1448952004L, -709478508L, 611574658L, 308832704L, 
-514654660L, 2018600336L, 127311394L, -1097415416L, 1326808716L, 
463925020L, -2047475566L, 677214592L, 702469652L, 1001172776L, 
-2047841734L, -2121581104L, -1207924372L, -1813118028L, -1350584302L, 
1366951392L, 356571084L, 2052309216L, 766949410L, -903368408L, 
1094684172L, -1181325508L, -406318094L, 429091568L, -603115964L, 
-785345960L, 1349214010L, -1222044176L, -835258692L, -445245164L, 
-615132478L, 1128825952L, 2050560892L, -1008244784L, -2107723486L, 
-2141898072L, 2083158924L, 866437308L, 476249906L, -1952847296L, 
1253776564L, -85265848L, 1397683642L, -796392944L, -514825492L, 
158179668L, 478912786L, 795438496L, -1888931124L, 671120992L, 
-628992062L, -2054572248L, 230764460L, -608128196L, 1625491826L, 
-632480976L, 1177926948L, -1238824136L, -1468731686L, -1201846384L, 
2060816124L, -927745132L, 1658073154L, 1539708160L, 1043645500L, 
-212467376L, -483819358L, -389402296L, 327157516L, 94503644L, 
1208130898L, 819713152L, 274624596L, -981872664L, 1858758906L, 
-242345136L, -1541161172L, -1112422028L, 596814738L, 1815148640L, 
1240440204L, 1608891232L, 321288674L, -387755096L, 1903170764L, 
-1666330628L, 462366130L, 1498371568L, 1554967492L, -1181207208L, 
-371418758L, -499498064L, -1883301444L, -473741228L, 717719490L, 
-1997860832L, 1800177852L, -2043092400L, -967367710L, 2071650408L, 
-166153140L, 2047469820L, -1318540302L, 666757376L, -853913228L, 
-1455981560L, 1859112890L, 934937040L, 169602028L, 1090433428L, 
-778440238L, 431907168L, 1760485196L, 15772521L, -1753309221L, 
-373831892L, -980866758L, -855123985L, 259596921L, 1935271182L, 
-1004401444L, -1486970035L, -337646921L, 250972224L, -817616610L, 
-992070677L, -356008083L, -985106982L, 1920092056L, 1210811905L, 
1233168307L, -1940105516L, 1345712098L, 1585746551L, -1763669055L, 
-2040235706L, -262133628L, 1212608053L, -646998497L, -2099056264L, 
-600567722L, -701440797L, -1466230107L, -2033146046L, -1119316688L, 
1910031705L, -1351735605L, 1822433084L, 1423505258L, -674294369L, 
1173793833L, 1252044478L, -1689944148L, 1331217661L, -246693817L, 
-905707728L, 1653598286L, 208299131L, 2027128797L, 164460042L, 
2130774824L, -1904314991L, 671067011L, 1024020612L, -1552204110L, 
-49905145L, 109777489L, -2012902954L, 1701098676L, 1126609093L, 
-197459441L, 2146548360L, -1168056410L, 980514643L, -521402187L, 
2052228626L, -1212058656L, -704330167L, 752989307L, 545387852L, 
-1647296294L, 819564751L, -2011648871L, -974876498L, 341970364L, 
1935128109L, -2086391337L, -1937885152L, 1063263614L, 604472139L, 
992872781L, -1671149702L, -1062155848L, 666073953L, -1656063213L, 
740193076L, 1415074114L, 1621951831L, 1502355617L, 1439435110L, 
-1393034396L, 467997333L, 2029007807L, 298387288L, 1447411062L, 
-1441464445L, 1587889605L, -1055843614L, 624829264L, -1338114439L, 
-2124389973L, -793577700L, 1887076426L, 1854514239L, 232326281L, 
-1612197730L, -1744216756L, -1081692899L, -724031321L, 510715856L, 
203231086L, -304789989L, 863252349L, 225654122L, -1665111032L, 
-1888414543L, 1302819619L, 1615020068L, 1489572562L, -1845889241L, 
-930952847L, -919277642L, 1999151956L, 1759776229L, 2062456815L, 
-1149831384L, 860639110L, 886184883L, -688944363L, 1857774962L, 
-654927424L, 1250466345L, 930659995L, -2089285780L, 91291514L, 
-1380923217L, -624884807L, -362256946L, -259026660L, 799609997L, 
